3,1
3,3
107,11
107,10
107,5
107,4
107,3
107,1
76,4
76,3
76,1
37,16
37,8
37,4
37,3
37,1
36,68
10,294
36,60
10,32
36,57
10,152
36,52
10,22
36,51
36,49
10,208
36,46
10,242
10,10
10,14
36,45
36,33
36,7
36,4
36,3
36,1
35,320
9,7
9,6
9,1
9,4
35,152
35,144
35,143
35,140
35,138
8,11
8,10
8,4
8,5
35,137
35,128
35,125
35,123
35,90
35,87
35,64
35,5
35,4
35,3
35,1
31,3
31,1
30,5
30,3
30,1
29,5
29,3
29,1
27,4
27,3
27,1
26,3
26,1
20,3
20,2
20,1
19,3
19,2
19,1
14,6
14,5
14,4
12,3
12,2
12,1
11,30
11,29
11,28
11,27
11,26
11,25
11,24
11,23
11,22
11,21
11,20
11,18
11,17
11,15
11,14
11,13
11,12
11,11
11,10
11,8
11,7
11,6
11,5
11,4
11,3
11,2
11,1
10,317
10,316
10,315
10,314
10,313
10,312
10,311
10,310
